blue <- 1:10
red <- 10:20
green <- 20:30

